              precision    recall  f1-score   support

          BP       0.67      0.80      0.73         5
          CN       0.00      0.00      0.00         1
          JB       0.56      0.45      0.50        11
          LC       0.61      0.52      0.56        21
          NC       0.50      0.50      0.50         2
          NM       1.00      1.00      1.00         5
          PC       0.60      0.75      0.67         4
          PS       0.79      1.00      0.88        19
          QT       0.71      0.83      0.77         6
          RL       0.43      0.43      0.43         7
          TI       0.56      0.60      0.58        25

   micro avg       0.65      0.67      0.66       106
   macro avg       0.58      0.63      0.60       106
weighted avg       0.63      0.67      0.65       106
